-0.05 0.025 0
-0.05 0.025 0.0100000000000000
-0.05 0.025 0.0200000000000000
-0.05 0.025 0.0300000000000000
-0.05 0.025 0.0400000000000000
-0.05 0.025 0.0500000000000000
-0.05 0.025 0.0600000000000000
-0.05 0.025 0.0700000000000000
-0.05 0.025 0.0800000000000000
-0.05 0.025 0.0900000000000000
-0.05 0.025 0.100000000000000
-0.05 0.025 0.110000000000000
-0.05 0.025 0.120000000000000
-0.05 0.025 0.130000000000000
-0.05 0.025 0.140000000000000
-0.05 0.025 0.150000000000000
-0.05 0.025 0.160000000000000
-0.05 0.025 0.170000000000000
-0.05 0.025 0.180000000000000
-0.05 0.025 0.190000000000000
-0.05 0.025 0.200000000000000
-0.05 0.025 0.210000000000000
-0.05 0.025 0.220000000000000
-0.05 0.025 0.230000000000000
-0.05 0.025 0.240000000000000
-0.05 0.025 0.250000000000000
-0.05 0.025 0.260000000000000
-0.05 0.025 0.270000000000000
-0.05 0.025 0.280000000000000
-0.05 0.025 0.290000000000000
-0.05 0.025 0.300000000000000
-0.05 0.025 0.310000000000000
-0.05 0.025 0.320000000000000
-0.05 0.025 0.330000000000000
-0.05 0.025 0.340000000000000
-0.05 0.025 0.350000000000000
-0.05 0.025 0.360000000000000
-0.05 0.025 0.370000000000000
-0.05 0.025 0.380000000000000
-0.05 0.025 0.390000000000000
-0.05 0.025 0.400000000000000