0.83794612966903
0.83794614990397
1.0599280676910
1.0599284618592
1.0599285873915
1.1242248475333
1.1242265963802
1.2981477090987
1.2981479532696
1.3511546230766
1.3511546943275
1.5451082975176
1.5451095284804
1.5451148073050
1.5451155828356
1.6759107718096
1.6759120487680
1.6759127428431
1.6759134363122
1.6759141869447
1.6759150211774
1.7173016026125
1.7173028357304
1.7173112409038
1.7173123006308
1.8358852252224
1.8358868274375
1.8358904070605
1.8358908222545
1.8358923052534
1.8358929345754
1.8737398875063
1.8737422658937
2.0180985156396
2.0180996351210
2.0181081386699
2.0181099405781
2.0181120254638
2.0181135763262
2.1199203824476
2.1199240054061
2.1199243005357
2.1527933456002
2.1528076785370
2.1528132420733
2.1528224161048
2.2485473206017
2.2485535776574
2.2485558904173
2.2485570814290
2.2485635698406
2.2485680320018
2.2795666105666
2.2795688619952
2.3701664022016
2.3701741093270
2.3701828447999
2.3701847290094
2.3701971272130
2.3702024968900
2.3996235934763
2.3996320692470
2.3996325849220
2.3996464987379
2.3996682330574
2.3996708214590
2.3996892482237
2.3997212754323
2.4858929589217
2.4859006518621
2.4859242102598
2.4859285112520
2.4859329811391
2.4859693750040
2.5139898729288
2.5139958379418
2.5140209865332
2.5140265410218
2.5140325577291
2.5140372653642
2.5964950547679
2.5965090955848
2.6233992383855
2.6234024582233
2.6234105020444
2.6234416211705
2.7024973281551
2.7025042342805
2.7025090346150
2.7025213116654
2.7025280260908
2.7025387052271
2.7283683119184
2.7283817404986
2.7283952685722
2.7283995760458
2.7284646884805
2.7284700345686
2.8045752528360
2.8045824992498
